TẤT CẢ ĐỀU LÀ SIM SINH VIÊN CHO ANH CHỊ EM NHÉ
KHÁCH KHI MUA SIM HỖ TRỢ SANG TÊN CHÍNH CHỦ
-CHI TIẾT LIÊN HỆ MINH:0966.79.3777 & 0947 389 789
*DÃY 230K
0978041150
0963242185
0983896748
0962247970
0969017371
0983498310
0962093207
0962798942
0964826209
0962731046
976441704
0968405034
0983021734
0974086043
0962946509
0974685781
0968971576
0983362538
0967282462
0987951105
0982583487
969576155
0988325178
0979661597
0982701690
0977202875
0975433230
0967472877
0965644563
0962174395
0965675510
0967327330
0972839197
0969758006
0985673491
0962018469
0962144692
0972733684
0965043491
0983811798
0962721454
0962854981
0964386840
0982258950
0968956729
0982475721
0966529720
0969519507
0986839074
0965662073
0972163724
0977458841
0977247530
0974209601
0973640948
0969740534
0967248041
0964038352
0966312025
0974712458
0985461851
0967215824
0982261243
0967798620
0969109857
0969061325
0963641263
0974817935
0962967433
978613783
976610865
96992485
986266791
975589397
968539242
964923200
977153002
985853961
967446737
967146323
983672543
974512697
975698293
984234623
972561498
974284872
972143451
963865305
979165297
973791749
963876045
968845918
967082553
974930413
962611873
968636640
983637813
977029247
963263315
967179400
976334832
962436115
976808753
963926531
974295903
963431370
964273652
968735870
982082814
973674465
984392769
986497046
972538206
972315072
976294569
978624701
988691822
979754014
968217281
977867915
965916651
966372524
988391758
962753502
965998248
982208949
982339015
965209561
976691271
978286250
978429072
975293524
968028957
969392273
989246530
969458641
974486835
987349384
968758617
968274760
964121601
973883974
986614735
962845257
962503512
969802275
968130916
984764758
963824205
968753542
963245564
978528650
965624480
986139013
982625360
974459249
969847342
962052615
977812935
976446902
963470381
976472825
963739614
982940035
982134852
978415028
968402725
968472041
972640854
982390284
975451842
967006536
973754741
985941653
966131430
967036957
989566763
962291450
974675947
964950036
984296348
967121948
968375495
983035601
969985731
965455370
968829794
983637927
968024028
966243642
976198644
988153475
963003714
973139872
974266946
968895461
965714806
968181485
967248582
963116033
976573676
977245002
972497101
967235611
969336762
967207664
977852942
965509646
976813049
974133205
974987152
978286081
978317296
982368727
963038508
973417665
987441165
964109322
964165244
983772182
982398291
965522972
969401477
966711325
984687658
979975257
976545022
969319544
989526100
969511097
966484577
979581484
985059183
966960024
966016244
*ĐỒNG GIÁ 250K
973508681
985844039
0982731618
968455563
988566439
975822283
988123651
987512116
987254681
972206069
989231739
973940498
963430198
978519039
964034539
979420596
964463996
977518896
986708896
963004769
978804796
976344839
972785096
975632039
978584498
978485096
962696141
967000326
979001141
968518511
967170115
973022207
987215141
988413256
987027114
984786114
0968611005
0979686801
0968361378
0974822842
0978551269
0969338155
0965436283
0978790074
0988402378
0975929543
0968803272
0963801737
0967154226
0989270010
0978309867
0968086489
982722254
968468262
987242223
964516298
987650917
968281223
978224006
969290709
969662709
966277646
985035311
989795800
969914800
986243336
983064498
967090370
987566289
968046818
963708987
976336544
977258757
987412681
964638916
979716867
968855570
984723197
987588510
969071596
963959114
*ĐỒNG GIÁ 300K
962431393
964132339
977485676
967098087
986811385
969570797
968284797
976483357
964101967
972651953
965118539
977491398
982651398
987011398
975,240,040
969,175,171
972,718,716
974,631,131
973,574,174
968,900,109
977,274,476
963755989
985,190,069
09.7720.7710
097.6789.441
976775597
974,677,876
97641.2262
966986396
973,726,426
969499940
977,174,347
969.80.6664
9647.666.84
966,014,064
9.8998.1196
963.74.2228
*DÃY MỖI SIM 1 GIÁ
979,538,113 450
986,890,168 450
963,861,879 450
985,527,379 450
962,090,096 550
96305.12.95 650
97427.07.98 650
963,893,793 450
9783.2468.5 450
097,203,2008 450
96.828.2007 450
968.31.2014 450
968,048,279 450
969,354,186 450
975.23.1771 400
967.12.1001 400
973,109,012 400
967,745,444 450
978.46.46.64 650
96.224466.2 650
9777.49.688 650
978910.882 400
969,145,445 450